SCOND
1.0135 288.89  0 /
/

PVTW
#Pref    Bref  Comp        Visc Viscosibility
1 1.01 4.4962e-5 0.3 0.0 /
/


PVDO
 --   PRESSURE    B-OIL     VISCOSITY
 --    (BAR)                  (CP)
20.6843 	1.05	2.85
55.1581		1.02	2.99
551.581   	1.01	3
/


ROCK
      1   1.45037680E-5 /


DENSITY
      848.979    1025.18 /

#COREY
#2 2 0.2 0.2 1 /

SWOF
	  0.0            0            1            0	
          0.2            0            1            0
         0.26         0.01         0.81            0
         0.32         0.04         0.64            0
         0.38         0.09         0.49            0
         0.44         0.16         0.36            0
          0.5         0.25         0.25            0
         0.56         0.36         0.16            0
         0.62         0.49         0.09            0
         0.68         0.64         0.04            0
         0.74         0.81         0.01            0
          0.8            1  9.9999e-021            0
          1.0            1  9.9999e-021            0
/
